tree
version=v4
num_class=1
num_tree_per_iteration=1
label_index=0
max_feature_idx=57
objective=binary sigmoid:1
feature_names=publish_year publish_month publish_quarter deadline_days contract_duration_days buyer_country tender_proceduretype tender_supplytype tender_selectionmethod tender_lotscount tender_recordedbidscount lot_bidscount tender_awardcriteria_count tender_description_length lot_description_length tender_personalrequirements_length tender_technicalrequirements_length tender_economicrequirements_length tender_corrections_count bid_priceUsd tender_digiwhist_price bid_digiwhist_price tender_estimatedpriceUsd tender_finalpriceUsd submission_period corr_singleb corr_proc corr_subm cri corr_buyer_concentration lot_status buyer_buyertype filter_ok filter_losingbids pit_total_entries pit_total_wins pit_win_rate_overall pit_win_rate_country pit_avg_contract_value pit_last_win_years_ago pit_experience_score pit_recency_score pit_is_incumbent pit_country_count pit_is_international pit_buyer_win_count pit_buyer_entry_count pit_win_rate_buyer buyer_loyalty_score category_hhi tender_size_ratio source actual_num_competitors competition_baseline buyer_total_past_awards buyer_avg_contract_value buyer_avg_competitors buyer_specialisation
feature_infos=[2018:2023] [1:12] [1:4] [1:243] none none none [0:3] none none none none none [19:319] [19:319] none none none none [0:5872000512] [0:5872000512] [0:5872000512] none none [-243:70] none none none none none none none none none [0:2] [0:2] [0:1] [0:1] none [1:10] [0:1.0986123085021973] [0.090909093618392944:0.5] none [0:1] none none none none none [0:1] none none [1:10] [0.10000000149011612:1] [0:3] [0:162127] none [0:0.66666668653488159]
tree_sizes=1461 1491 2517 2248

Tree=0
num_leaves=13
num_cat=0
split_feature=52 52 52 34 24 20 53 13 52 13 0 1
split_gain=19.1988 13.8629 2.12371 1.36883 1.55994 1.44305 1.28768 0.8825 0.482442 0.330026 0.048405 1.42109e-14
threshold=4.5000000000000009 6.5000000000000009 5.5000000000000009 1.0000000180025095e-35 12.500000000000002 44057646.000000007 0.11250000074505807 162.00000000000003 7.5000000000000009 189.00000000000003 2022.5000000000002 6.5000000000000009
decision_type=2 2 2 2 2 2 2 2 2 2 2 2
left_child=-1 2 -2 4 -4 7 -3 10 -8 -9 -6 -10
right_child=1 6 3 -5 5 -7 8 9 11 -11 -12 -13
leaf_value=-1.6321335273924491 -1.644132457603193 -1.6541127112719687 -1.6510954898924481 -1.6510954898924481 -1.6463363518154548 -1.6498589075756442 -1.6491858271716253 -1.6436112786994672 -1.6510954898924481 -1.6455894671340821 -1.6469048117455751 -1.6510954898924481
leaf_weight=3.4977772384881964 16.151534616947174 5.7344486564397803 3.2877200543880454 3.2877200543880454 12.118511661887169 4.6639572232961646 7.5502429902553549 7.3207430094480497 11.507020190358164 7.8559887260198593 15.138608857989311 16.438600271940231
leaf_count=9 65 30 16 16 52 22 35 29 56 33 66 80
internal_value=-1.6476 -1.64808 -1.64626 -1.6469 -1.64663 -1.64632 -1.65117 -1.64593 -1.65069 -1.64464 -1.64665 -1.6511
internal_weight=114.553 111.055 69.8248 53.6732 50.3855 47.0978 41.2303 42.4339 35.4959 15.1767 27.2571 27.9456
internal_count=509 500 299 234 218 202 201 180 171 62 118 136
is_linear=0
shrinkage=1


Tree=1
num_leaves=13
num_cat=0
split_feature=52 52 52 35 24 19 52 13 52 13 0 1
split_gain=18.1044 13.2314 2.01567 1.30571 1.48741 1.37413 1.23784 0.837546 0.462187 0.312495 0.0460235 1.42109e-14
threshold=4.5000000000000009 6.5000000000000009 5.5000000000000009 1.0000000180025095e-35 12.500000000000002 44057646.000000007 9.0000000000000018 162.00000000000003 7.5000000000000009 189.00000000000003 2022.5000000000002 10.500000000000002
decision_type=2 2 2 2 2 2 2 2 2 2 2 2
left_child=-1 2 -2 4 -4 7 8 10 -3 -9 -6 -10
right_child=1 6 3 -5 5 -7 -8 9 11 -11 -12 -13
leaf_value=0.03161538930600627 0.020120337400813582 0.015222755860066385 0.013363168015854354 0.013363168015854354 0.017988529179335515 0.014567875743434898 0.010415178521377674 0.020623534458422355 0.013363168015854354 0.018711700254928357 0.017437623720035086 0.013363168015854354
leaf_weight=3.5757279694080344 16.378379642963409 7.630140781402587 3.318213313817977 3.318213313817977 12.270406067371368 4.7111627757549277 5.7757990658283225 7.4261778593063337 23.227493196725849 7.958477720618248 15.322460144758224 4.977319970726966
leaf_count=9 65 35 16 16 52 22 30 29 112 33 66 24
internal_value=0.0167668 0.016294 0.0180591 0.0174376 0.0177027 0.0180046 0.013295 0.0183813 0.0137591 0.0196345 0.0176826 0.0133632
internal_weight=115.89 112.314 70.7035 54.3251 51.0069 47.6887 41.6108 42.9775 35.835 15.3847 27.5929 28.2048
internal_count=509 500 299 234 218 202 201 180 171 62 118 136
is_linear=0
shrinkage=0.0067032


Tree=2
num_leaves=23
num_cat=0
split_feature=13 3 34 19 13 0 0 7 13 1 3 3 7 24 1 13 1 19 1 19 19 13
split_gain=3.68693 2.89235 3.457 5.58936 2.97995 2.12541 1.34922 1.13156 0.913954 0.417741 0.333211 0.635722 0.457647 0.390185 0.332529 0.472559 0.281934 0.275138 0.493809 0.357192 0.228343 0.157767
threshold=127.00000000000001 30.500000000000004 1.0000000180025095e-35 8650150.0000000019 236.00000000000003 2022.5000000000002 2021.5000000000002 1.0000000180025095e-35 38.500000000000007 2.5000000000000004 16.500000000000004 13.500000000000002 2.5000000000000004 19.500000000000004 8.5000000000000018 72.000000000000014 5.5000000000000009 786433.00000000012 8.5000000000000018 3417705.0000000005 5.5000000000000009 170.00000000000003
decision_type=2 2 2 2 2 2 2 2 2 2 2 2 2 2 2 2 2 2 2 2 2 2
left_child=7 2 3 4 6 -3 -2 14 -9 -10 11 12 -11 -12 15 -1 -15 18 -8 -19 -18 -7
right_child=1 5 -4 -5 -6 21 17 8 9 10 13 -13 -14 16 -16 -17 20 19 -20 -21 -22 -23
leaf_value=0.019616118046789633 0.014965476061614282 0.022462809005766575 0.023114834529386834 0.010079233581720895 0.012611876287679779 0.018831760951892745 0.021307705275736218 0.011607514583108127 0.017117473162361549 0.016451354693429961 0.017167679084014648 0.011607514583108124 0.013153774983252632 0.013153774983252622 0.01563451725866679 0.016391294448278484 0.014744883629384283 0.017093935762243259 0.018354294355084635 0.019746855307970768 0.016206152077953558 0.017086200982158579
leaf_weight=3.8440265208482725 4.6253991425037446 8.1326685100793839 3.413267344236373 5.8727780431509009 5.1548686921596518 3.958045557141304 4.8311169445514697 3.6130675077438346 4.228294000029563 4.3450232744216901 4.2204769104719189 3.6130675077438354 3.3483361899852753 3.3483361899852779 4.4940946400165549 4.3549292981624603 14.010891929268839 5.6426399648189527 5.3726595640182495 3.8271592259407043 7.3129605054855338 5.6442446559667587
leaf_count=15 21 29 12 30 25 16 18 18 18 19 18 18 16 16 20 19 64 24 22 15 32 24
internal_value=0.0164664 0.0176993 0.0166729 0.0160504 0.017241 0.0199413 0.0182231 0.0153199 0.0148496 0.0151133 0.0149025 0.0139269 0.0150162 0.0152843 0.0171 0.0179032 0.0149621 0.018989 0.0197526 0.0181661 0.015246 0.0178057
internal_weight=117.208 56.4748 38.7399 35.3266 29.4538 17.735 24.299 60.7335 48.0405 44.4274 40.1991 11.3064 7.69336 28.8927 12.6931 8.19896 24.6722 19.6736 10.2038 9.4698 21.3239 9.60229
internal_count=509 236 167 155 125 69 100 273 219 201 183 53 35 130 54 34 112 79 40 39 96 40
is_linear=0
shrinkage=0.0067032


Tree=3
num_leaves=20
num_cat=0
split_feature=53 53 53 34 24 19 53 13 53 13 0 3 13 54 1 13 1 13 1
split_gain=16.6991 12.1456 1.86591 1.26128 1.39649 1.28133 1.15667 0.752961 0.430606 0.282433 0.0400695 0.000643968 0.000289557 0.000153099 0.000109092 9.87546e-05 6.18114e-05 1.84975e-05 1.36466e-05
threshold=0.22500000149011615 0.15476191043853763 0.18333333730697635 1.0000000180025095e-35 12.500000000000002 44057646.000000007 0.11250000074505807 162.00000000000003 0.13392857462167743 189.00000000000003 2022.5000000000002 27.000000000000004 149.00000000000003 1.0000000180025095e-35 6.5000000000000009 238.00000000000003 8.5000000000000018 121.50000000000001 10.500000000000002
decision_type=2 2 2 2 2 2 2 2 2 2 2 2 2 2 2 2 2 2 2
left_child=1 6 3 4 -3 7 -1 10 13 -9 -6 12 -4 15 -13 16 17 -8 -18
right_child=-2 2 11 -5 5 -7 8 9 -10 -11 -12 14 -14 -15 -16 -17 18 -19 -20
leaf_value=0.010110238424110256 0.030187406996903591 0.01289484295579461 0.019352824793027152 0.012840776575484056 0.017331709898202503 0.014061527901699816 0.012954737805739467 0.019804577010865958 0.014715683063898595 0.018010472796786744 0.016823620359874687 0.01933739119148379 0.019434791248633249 0.012896213405528012 0.019290390448776097 0.012977968570918574 0.012921383635838137 0.012936181765732505 0.01293787803188323
leaf_weight=5.8637379705905905 3.7025607526302329 3.3862499743700019 3.8784841895103481 3.3942583799362174 12.565536648035049 4.8104974776506415 8.4435336589813321 7.6302466988563529 7.7869749367237082 8.1578418314456922 15.673585146665573 3.8805191218852979 3.8677024841308594 3.3860471546649924 5.1823058128356934 3.3739971965551367 6.7646589279174787 3.3801468759775153 3.379896804690361
leaf_count=30 9 16 15 16 52 22 40 29 35 33 66 15 15 16 20 16 32 16 16
internal_value=0.0161759 0.015724 0.0173918 0.0168003 0.0170576 0.0173463 0.0128738 0.0177052 0.0133175 0.0188775 0.0170497 0.0193489 0.0193938 0.0129385 0.0193105 0.0129442 0.012939 0.0129494 0.0129269
internal_weight=118.509 114.806 72.4272 55.6182 52.224 48.8377 42.379 44.0272 36.5153 15.7881 28.2391 16.809 7.74619 28.7283 9.06282 25.3422 21.9682 11.8237 10.1446
internal_count=509 500 299 234 218 202 201 180 171 62 118 65 30 136 35 120 104 56 48
is_linear=0
shrinkage=0.0067032


end of trees

feature_importances:
tender_description_length=14
publish_month=9
actual_num_competitors=9
bid_priceUsd=6
competition_baseline=6
publish_year=5
deadline_days=4
submission_period=4
pit_total_entries=3
tender_supplytype=2
tender_digiwhist_price=1
pit_total_wins=1
buyer_total_past_awards=1

parameters:
[boosting: gbdt]
[objective: binary]
[metric: auc]
[tree_learner: serial]
[device_type: cpu]
[data_sample_strategy: bagging]
[data: ]
[valid: ]
[num_iterations: 1000]
[learning_rate: 0.0067032]
[num_leaves: 145]
[num_threads: 1]
[seed: 0]
[deterministic: 0]
[force_col_wise: 0]
[force_row_wise: 0]
[histogram_pool_size: -1]
[max_depth: 8]
[min_data_in_leaf: 15]
[min_sum_hessian_in_leaf: 0.001]
[bagging_fraction: 0.799689]
[pos_bagging_fraction: 1]
[neg_bagging_fraction: 1]
[bagging_freq: 0]
[bagging_seed: 3]
[bagging_by_query: 0]
[feature_fraction: 0.83277]
[feature_fraction_bynode: 1]
[feature_fraction_seed: 2]
[extra_trees: 0]
[extra_seed: 6]
[early_stopping_round: 0]
[early_stopping_min_delta: 0]
[first_metric_only: 0]
[max_delta_step: 0]
[lambda_l1: 0]
[lambda_l2: 0]
[linear_lambda: 0]
[min_gain_to_split: 0]
[drop_rate: 0.1]
[max_drop: 50]
[skip_drop: 0.5]
[xgboost_dart_mode: 0]
[uniform_drop: 0]
[drop_seed: 4]
[top_rate: 0.2]
[other_rate: 0.1]
[min_data_per_group: 100]
[max_cat_threshold: 32]
[cat_l2: 10]
[cat_smooth: 10]
[max_cat_to_onehot: 4]
[top_k: 20]
[monotone_constraints: ]
[monotone_constraints_method: basic]
[monotone_penalty: 0]
[feature_contri: ]
[forcedsplits_filename: ]
[refit_decay_rate: 0.9]
[cegb_tradeoff: 1]
[cegb_penalty_split: 0]
[cegb_penalty_feature_lazy: ]
[cegb_penalty_feature_coupled: ]
[path_smooth: 0]
[interaction_constraints: ]
[verbosity: -1]
[saved_feature_importance_type: 0]
[use_quantized_grad: 0]
[num_grad_quant_bins: 4]
[quant_train_renew_leaf: 0]
[stochastic_rounding: 1]
[linear_tree: 0]
[max_bin: 255]
[max_bin_by_feature: ]
[min_data_in_bin: 3]
[bin_construct_sample_cnt: 200000]
[data_random_seed: 1]
[is_enable_sparse: 1]
[enable_bundle: 1]
[use_missing: 1]
[zero_as_missing: 0]
[feature_pre_filter: 1]
[pre_partition: 0]
[two_round: 0]
[header: 0]
[label_column: ]
[weight_column: ]
[group_column: ]
[ignore_column: ]
[categorical_feature: ]
[forcedbins_filename: ]
[precise_float_parser: 0]
[parser_config_file: ]
[objective_seed: 5]
[num_class: 1]
[is_unbalance: 0]
[scale_pos_weight: 5.2849]
[sigmoid: 1]
[boost_from_average: 1]
[reg_sqrt: 0]
[alpha: 0.9]
[fair_c: 1]
[poisson_max_delta_step: 0.7]
[tweedie_variance_power: 1.5]
[lambdarank_truncation_level: 30]
[lambdarank_norm: 1]
[label_gain: ]
[lambdarank_position_bias_regularization: 0]
[eval_at: ]
[multi_error_top_k: 1]
[auc_mu_weights: ]
[num_machines: 1]
[local_listen_port: 12400]
[time_out: 120]
[machine_list_filename: ]
[machines: ]
[gpu_platform_id: -1]
[gpu_device_id: -1]
[gpu_device_id_list: ]
[gpu_use_dp: 0]
[num_gpu: 1]

end of parameters

pandas_categorical:[]
